time,x,y,z,phi,theta,psi,x_velocity,y_velocity,z_velocity,phi_velocity,theta_velocity,psi_velocity,rotor_speed1,rotor_speed2,rotor_speed3,rotor_speed4
0.06,-3.2037397622e-08,-1.00713386387e-07,10.0055007314,6.2829979134,3.53329921179e-05,0.0,-3.11704645836e-06,-1.30716726614e-05,0.183345331747,-0.0102447539733,0.00174148095991,0.0,462.9284935829098,463.0654682049725,462.585517594478,461.77828746987865
0.12000000000000001,-1.36900012788e-06,-7.16034826623e-06,10.0214197096,6.28279614409,3.70126433769e-06,0.0,-4.59953514434e-05,-0.000264752366223,0.347251025985,0.00771403621065,-0.00550220497988,0.0,457.2425984077994,456.6652702087953,455.88893029987344,457.3214445738711
0.18,-2.8995134583e-06,-2.98550191067e-05,10.0473633843,0.00017554912216,6.28294105621,0.0,2.73179644644e-05,-0.000433741027617,0.517475927522,0.0126079850893,-0.00152487649481,0.0,458.16939024638407,458.4855251414057,459.0635570985763,459.45154203522503
0.23999999999999996,3.52225751731e-06,-4.92031778897e-05,10.079895312,0.00147762435538,6.28308051172,0.0,0.000183582505395,-0.000109787076405,0.566898020271,0.0355140092185,0.00908493950836,0.0,419.9529271797756,420.87204464191626,420.270374651,422.2508252315299
0.3,1.4720839671e-05,-9.80944495012e-06,10.1206310018,0.00388195150015,0.000309594851704,0.0,0.000131479208913,0.00169712553957,0.790829465558,0.047906447072,0.00214851789123,0.0,475.713604620021,475.18213747406975,473.99948368346736,474.9514430965739
0.36000000000000004,1.53626767793e-05,0.000189414164193,10.1724326304,0.00698149312011,0.000267946431831,0.0,-0.000115564427118,0.00526871509125,0.935782070463,0.0582671350047,-0.00709140968756,0.0,452.87499445957883,452.1312918839056,450.2660094715358,451.10496321112083
0.4200000000000001,5.0420039611e-06,0.000640868215393,10.2285954759,0.0109561533669,6.28308855575,0.0,-0.000194037888505,0.010108809034,0.936309606897,0.0787095699133,-0.00412532435615,0.0,404.36960308377587,404.6367729240434,404.62567808828874,406.465235093614
0.48000000000000015,-3.05171279129e-06,0.00154086371884,10.2917602199,0.0167278831099,6.28279986876,0.0,-4.32142050882e-05,0.0205426052824,1.16896477431,0.118171388749,-0.00622035313946,0.0,478.516003092925,478.35660236204444,476.16448438932946,479.1799996365672
0.5400000000000001,3.8550317837e-06,0.00317878501856,10.3667082392,0.023442660474,6.28295478332,0.0,0.000280892968574,0.0348221549867,1.32911499454,0.0948949785729,0.0160531035748,0.0,455.51758263626823,457.2950646167246,458.49329965668954,456.6509380920545
0.6000000000000002,2.19162324968e-05,0.00581652490884,10.4511836651,0.0289803250419,0.000380428215752,0.0,0.00022990473548,0.0537189193484,1.4865247597,0.0865116701433,-0.00539083654171,0.0,457.41641350793697,455.70559020725557,456.89809645895446,456.236213508508
0.6600000000000003,2.8083683599e-05,0.00975358229914,10.5465455957,0.0344016662335,3.90771803511e-05,0.0,1.4862713428e-05,0.0781328329214,1.69190502718,0.0971037887472,-0.00629268398338,0.0,471.3696021804861,471.3000093540057,471.03351646641073,471.85813568152207
0.7200000000000003,2.9547974501e-05,0.0152036697122,10.651876208,0.0400476962684,6.2829445339,0.0,6.86083230963e-05,0.104138515536,1.81889818472,0.0872974109446,-0.0015911958574,0.0,447.592760062522,447.97527690321095,449.24733794696306,448.45893048792635
0.7800000000000004,3.9737950361e-05,0.0223998657814,10.7664384505,0.0447500621778,6.28264660116,0.0,0.000292217510324,0.136303722521,1.99951835849,0.0470190173486,-0.0127527788241,0.0,465.5958476775839,464.72192604781316,466.6756734148555,463.52539744045737
0.8400000000000004,7.27435348572e-05,0.0316038075716,10.8913967881,0.0474575570467,6.28181158992,0.0,0.000897131664435,0.170789397554,2.16544299041,0.0410400262674,-0.0163529434027,0.0,460.2202633469197,459.93535475445486,462.9252061433864,462.45560372138937
0.9000000000000005,0.00015640644834,0.0427812123581,11.0230614601,0.050140147126,6.28030032801,0.0,0.00199844136013,0.202031736991,2.22325324358,0.0511890306549,-0.0558581750591,0.0,428.9696372129983,425.6014480539905,428.66676158352055,429.5295025448807
0.9600000000000005,0.00033343554559,0.0557455800668,11.155405318,0.0532067950142,6.277924334,0.0,0.00412845344047,0.230367917339,2.18825949128,0.0509539304492,-0.0186363623423,0.0,395.9095715756696,399.31808028585067,396.66312624697974,396.64354995852364
1.0200000000000005,0.000683704545675,0.0705745285227,11.2877581605,0.0558171246371,6.27663003885,0.0,0.00765769664819,0.264193840134,2.22341465009,0.0212725763194,-0.0282042270725,0.0,421.20898935837437,420.3807118114838,422.353287682997,419.78670980061105
1.0800000000000005,0.00129087921626,0.087632317138,11.4250148795,0.0571557498391,6.27518006017,0.0,0.0127456134041,0.304521521126,2.3515402961,0.0243090598712,-0.0171159811771,0.0,449.73261081786484,450.62970169764026,451.4155511869008,451.66051802885625
1.1400000000000006,0.00224532942876,0.107233287695,11.5716019914,0.0584637015118,6.27444143445,0.0,0.0191655617803,0.348977917159,2.53429320667,0.0162369987269,-0.00410926558974,0.0,467.5481597380803,468.5604979277448,468.2872578558043,467.6589424956486
1.2000000000000006,0.00358271814044,0.129420700322,11.7273005707,0.0594043914545,6.27428234322,0.0,0.0254327962879,0.390684000401,2.65537328128,0.0145364535006,0.000115431845669,0.0,450.95223252376616,451.29341055658614,449.1629129125613,449.02488183154986
1.2600000000000007,0.00529722729315,0.154120117557,11.8900987588,0.0605864128314,6.27399671003,0.0,0.0317270208334,0.432718827433,2.77094605939,0.0284209520925,-0.0169359275787,0.0,449.37554136823695,447.9913007387159,448.7687968279897,449.89434855562206
1.3200000000000007,0.00739897585072,0.181367525541,12.0598052673,0.0624403644982,6.27314712089,0.0,0.0384253299423,0.475692691748,2.88563413924,0.0354438275154,-0.0091172164342,0.0,448.2667486788617,448.9017626797556,449.83002108836746,450.3986733407416
1.3800000000000008,0.00994024759302,0.211368963245,12.2385485688,0.0643253642491,6.27304252238,0.0,0.0463126827911,0.524552336606,3.07196780335,0.0218163977529,0.00996946735184,0.0,471.04917014373734,472.52289116924095,472.1774594084508,471.1252627522467
1.4400000000000008,0.0128994846351,0.243997960368,12.4231540243,0.0656850572727,6.27344169889,0.0,0.0522829925661,0.563192477218,3.08150652757,0.0243002557589,-0.000979312438855,0.0,417.8022223732538,416.8464236442599,416.9850542208017,417.2020575198703
1.5000000000000009,0.0162211185249,0.279033026885,12.609291772,0.0666406669848,6.2729173581,0.0,0.0584563767642,0.604752477634,3.12295510609,-0.011500105855,-0.032579691472,0.0,428.9246585881212,426.23248865206665,429.6580672415013,426.61200246643074
1.560000000000001,0.0199309675829,0.316577136743,12.7980103884,0.0659476441153,6.27073896576,0.0,0.0653968886938,0.64663743998,3.1675374872,-0.0116511206152,-0.0450552620868,0.0,429.13602644211875,428.07502224499075,429.70530496553914,429.6926215533275
1.620000000000001,0.024106542572,0.356646153212,12.9898068751,0.0650577963755,6.26769226424,0.0,0.0740592094609,0.688902399438,3.22551019397,-0.0220995996452,-0.0658085686789,0.0,434.2208113379219,432.4744013874539,434.63449352352666,433.7579843266926
1.680000000000001,0.0289205123245,0.399449284958,13.1884597018,0.0637903887275,6.26342458586,0.0,0.0868574369117,0.737681726452,3.39575143488,-0.0192395253174,-0.0847495594403,0.0,470.02085537456315,468.5468488583943,468.4252311541064,468.647623181999
1.740000000000001,0.034603803437,0.445146521663,13.3972871612,0.0623408708077,6.25813712855,0.0,0.10315636171,0.785373329286,3.56463785236,-0.0364692683877,-0.0959057758657,0.0,469.5187505692593,468.64631600697135,470.6496995615826,469.314154420022
1.8000000000000012,0.0413252871937,0.493516757824,13.6138411002,0.0597450539566,6.25201243079,0.0,0.121478219405,0.826704476346,3.65353815229,-0.0624887027675,-0.118765365945,0.0,447.4307215177547,445.5563343646427,446.92556409202143,444.7984537573899
1.8600000000000012,0.0496285810688,0.544948055323,13.846555753,0.0569704848259,6.24466236538,0.0,0.156359240327,0.887085781289,4.10209261479,-0.0252903799986,-0.131266667247,0.0,548.5259119783996,547.6844999755687,546.6982205249852,549.1700633622355
1.9200000000000013,0.0598389173388,0.599329368919,14.0957086313,0.0551825625531,6.23670588035,0.0,0.184779108717,0.925424430291,4.20260545908,-0.0408244065139,-0.135432513606,0.0,453.8974899628924,453.54721744428207,454.2372137872553,452.98937174649006
1.9800000000000013,0.071958713364,0.65601209757,14.3516958302,0.0525595016714,6.22886459213,0.0,0.220036613164,0.963691166814,4.32979163248,-0.0502413676912,-0.122584232606,0.0,462.4055288528179,463.40162165903996,462.76987315497746,462.02694882634415
2.0400000000000014,0.0862744744851,0.714849941931,14.6137778131,0.0498161529399,6.22150985428,0.0,0.257863703371,0.997257760762,4.40594991464,-0.0379469144963,-0.122568440248,0.0,448.0157436865284,448.0035563111213,447.47573050504593,448.4742961115176
2.1000000000000014,0.102995904868,0.775638199498,14.8802556832,0.0474686527286,6.21442181279,0.0,0.300203702657,1.02876354425,4.47632845282,-0.0415912381495,-0.110488911552,0.0,445.640091915525,446.6139193762561,447.77135966915506,447.4740062803804
2.1600000000000015,0.122269219219,0.838181895741,15.1491489227,0.0447445550936,6.20733773552,0.0,0.34283883513,1.05577891409,4.48669858605,-0.0543833510142,-0.140926402105,0.0,428.8766942417945,426.26944172309373,429.58081129057734,428.4932567304032
2.2200000000000015,0.144159653508,0.90224973701,15.4177007375,0.041477027153,6.19926503791,0.0,0.387541253742,1.07952878034,4.46506452958,-0.0546100634455,-0.124142164804,0.0,418.4864745584578,419.9269776470864,416.55176531816096,416.52974255499106
2.2800000000000016,0.169238718927,0.967861566043,15.6892923102,0.0383006414545,6.19144452769,0.0,0.449184302036,1.10715589877,4.58743311755,-0.0497936789534,-0.14712728082,0.0,465.1915732919702,463.3728354210564,462.9501998136317,463.3273387852158
2.3400000000000016,0.198216558399,1.03507209267,15.9685086193,0.0352915079643,6.18240299571,0.0,0.517643485604,1.13283767405,4.71914282494,-0.0508788775816,-0.158983587544,0.0,467.60381162204146,466.6588810898282,468.2868349239206,468.2009600857329
2.4000000000000017,0.231593181241,1.10378730976,16.2565164465,0.0329116738563,6.17316995739,0.0,0.595878310835,1.15733432373,4.88031588753,-0.023490135259,-0.145264810308,0.0,477.22538508180725,478.2508176711397,476.7347161966218,478.8222550635271
2.4600000000000017,0.26945661082,1.17380159123,16.5505003902,0.0310941588795,6.16453721931,0.0,0.667019167609,1.17631074905,4.91886411761,-0.0495525201126,-0.141245122504,0.0,441.5336889618298,441.845763251458,443.05566542442205,440.9069385818783
2.520000000000002,0.31192183712,1.24495532508,16.8482013405,0.0281021810973,6.15610275804,0.0,0.749282136698,1.19515438221,5.00400177026,-0.0505011273341,-0.139266956079,0.0,456.69080056073994,456.8307893078216,457.39921632391076,457.3221721426835
2.580000000000002,0.35937184654,1.31715031764,17.1500556703,0.0253984158618,6.14747224753,0.0,0.83315337935,1.21105159804,5.05743506453,-0.0359528153806,-0.155056663037,0.0,448.87991132880876,447.57717951987456,447.6226348277062,448.80394890769264
2.640000000000002,0.412702146033,1.39036956781,17.4600005749,0.0232351608153,6.13787143014,0.0,0.945499815581,1.22929268987,5.27287525387,-0.0362578526938,-0.172426317551,0.0,497.363392560523,496.0677975103342,498.2456447704032,498.2229131707316
2.700000000000002,0.472056049616,1.4644814249,17.7764141471,0.0212254682155,6.12772875759,0.0,1.03384619784,1.24090547025,5.27404855157,-0.0284747990054,-0.163026224854,0.0,433.9002263112896,434.66063164569243,434.9989677039349,435.64986022094195
2.760000000000002,0.537442712836,1.53932641386,18.0963690184,0.0193938251134,6.11771845464,0.0,1.1466379202,1.25371759119,5.39032686142,-0.0349849852967,-0.175813416288,0.0,471.8482151793576,470.834807840411,471.48997369637175,470.9864041093484
2.820000000000002,0.609978560909,1.61491616129,18.4242606946,0.0170034738175,6.1074787906,0.0,1.27221477293,1.26566963969,5.53840017789,-0.0519403246059,-0.161967196314,0.0,481.8929507488965,482.9130435505507,482.99156390360304,481.71018005679736
2.880000000000002,0.690345378468,1.69116995532,18.7614122726,0.0137917412965,6.09799042965,0.0,1.40757541523,1.27574304758,5.69889913804,-0.0569105907071,-0.151419926895,0.0,487.79337930663746,488.5591634251275,487.9902276202883,487.6173988805784
2.940000000000002,0.778072333199,1.76788406015,19.1030222353,0.0102694658074,6.08835080412,0.0,1.51742790389,1.28108239703,5.68790885319,-0.062556618532,-0.194739928484,0.0,439.33991191654223,435.70557858653996,437.3423944442654,436.86930112811234
3.000000000000002,0.873309524603,1.84488931237,19.4476751571,0.00636583293896,6.07716629508,0.0,1.65817915979,1.28534165332,5.79958873148,-0.0706057168031,-0.17352019314,0.0,475.73327152690155,477.32398609428293,476.20495799042897,475.5859079738693
3.0600000000000023,0.976846985515,1.92205336171,19.7972103848,0.00184254763692,6.06654209534,0.0,1.79396927838,1.2863638405,5.85097293905,-0.0872568752015,-0.185317769633,0.0,460.8467632225379,459.8839044337805,459.5747557678208,458.24839049473206
3.1200000000000023,1.088921606,1.99918614754,20.1506221233,6.27973550651,6.05586311454,0.0,1.9427856774,1.28419435013,5.92861664887,-0.0901732010083,-0.166335266707,0.0,468.1337463668185,469.5797078124779,469.40029985392067,469.16786886268187
3.1800000000000024,1.20977747247,2.07608648273,20.5071248892,6.27461687968,6.04602313251,0.0,2.08655715151,1.27866120864,5.95429477461,-0.0770302724893,-0.159701358083,0.0,454.2329678072656,454.7397469563542,454.0221415573891,455.06972987054473
3.2400000000000024,1.33951109246,2.15255780907,20.8654339776,6.27001733328,6.03656497732,0.0,2.23866297449,1.26995286031,5.98875097504,-0.0759273437347,-0.153800379427,0.0,457.46038419719684,457.9073448597664,459.0736233748804,459.1567084655093
3.3000000000000025,1.47841947392,2.22842657651,21.2252851138,6.26588887706,6.02787785024,0.0,2.3923143826,1.25861808726,6.00578315559,-0.057426846064,-0.131076882813,0.0,452.5814376364252,454.38754914219754,454.02985571192625,455.50845482344374
3.3600000000000025,1.62667437138,2.303544165,21.5860397683,6.26222425726,6.02004686843,0.0,2.55010416021,1.24499000796,6.01889069491,-0.069610672051,-0.129419399403,0.0,453.92967083598853,454.0474655548943,454.3757764781533,453.3951095519304
3.4200000000000026,1.78362609642,2.37784776078,21.9442057292,6.25776900782,6.01253552931,0.0,2.68222253446,1.23147519885,5.92014668956,-0.0856892860357,-0.117851273995,0.0,416.5937990121817,417.5888813765613,418.92507717701363,417.51946667312296
3.4800000000000026,1.95042144098,2.45110018511,22.3029283061,6.25239460837,6.00531216283,0.0,2.87807053373,1.20974738058,6.03616057087,-0.0987586976345,-0.126015993683,0.0,486.195763764762,485.57177255745563,487.77158061938115,486.7883682615682
3.5400000000000027,2.12691444932,2.52317622038,22.6609044825,6.24629257774,5.99741487821,0.0,3.00564568917,1.1923662553,5.89676546846,-0.108344651037,-0.146218761626,0.0,405.228507540074,403.3896327529125,406.7231367566401,405.85335872447615
3.6000000000000028,2.31271606865,2.59392486113,23.0157452379,6.23954981054,5.98910222456,0.0,3.18833122211,1.16533185507,5.9305437068,-0.121993126016,-0.1264627784,0.0,460.86904664468705,462.41094701605294,464.8511108543875,463.7693601984152
3.660000000000003,2.50891302497,2.66302816669,23.3702496278,6.23309335235,5.98167605,0.0,3.35209480542,1.1375674123,5.8860368129,-0.0883108593518,-0.118868856907,0.0,438.1526743371631,438.7695550415615,438.13192056244947,440.91303205850625
3.720000000000003,2.71444260756,2.7304643929,23.7201304198,6.22799496769,5.97468230104,0.0,3.49941348515,1.10993093035,5.77680488348,-0.0790208590644,-0.112312141606,0.0,416.4176050841853,416.9777436096504,417.41084064677267,418.21452326276676
3.780000000000003,2.93047833983,2.79589550044,24.06836658,6.22278598945,5.96808861199,0.0,3.70211945205,1.07069192787,5.83021646436,-0.110817634968,-0.105455935503,0.0,470.3040768034782,470.82497583705566,472.75576459043833,470.29255085655734
3.840000000000003,3.15625049588,2.85934447985,24.4120371951,6.21627987049,5.96154752341,0.0,3.82416287605,1.04385413255,5.6261850269,-0.104055687413,-0.117305664219,0.0,384.7189643929459,383.58234298430716,383.10733410289566,383.7375112492037
3.900000000000003,3.39190767156,2.92060228373,24.750911882,6.21051196179,5.95471395529,0.0,4.03141656664,0.997574579633,5.66880078387,-0.0837354279973,-0.107822341498,0.0,467.4225822722574,468.1503108943448,467.7930523636831,469.3654739956185
3.960000000000003,3.64061817471,2.9788717352,25.0937919216,6.20537403806,5.94779676941,0.0,4.25916885385,0.944322547433,5.75937601196,-0.0897212667406,-0.137570279917,0.0,486.0719884735365,483.8257731153927,485.1096546901108,484.6544936792378
4.020000000000002,3.90191383561,3.03411751026,25.4386238942,6.20098172171,5.93932642426,0.0,4.45116545253,0.896857706282,5.73447983721,-0.0520280189425,-0.149566631706,0.0,450.91570705655715,449.9269112208759,449.2837782267209,452.32556187072277
4.080000000000001,4.173734827,3.08670992073,25.7788216357,6.19767101659,5.93083850409,0.0,4.61010717917,0.856013573973,5.60553018236,-0.0623672633793,-0.128854134803,0.0,415.4975415247457,417.2895171441759,415.87415528768753,414.96496065562116
4.14,4.45774304065,3.13621416275,26.1181579723,6.1943884016,5.92323657486,0.0,4.85707153414,0.793907321689,5.70431392199,-0.0426433658096,-0.122707278471,0.0,490.54098420027435,490.9843369053009,490.96699205083286,492.4267247914688
4.199999999999998,4.75452349468,3.18244896512,26.4576401823,6.19143572433,5.91597323278,0.0,5.03601092798,0.747085215029,5.61162220483,-0.067482782629,-0.117944700618,0.0,432.15160110407425,432.53928357678353,431.85911456531727,429.75644226887715
4.259999999999997,5.06396212119,3.22539177204,26.7962858211,6.18759387964,5.90895808508,0.0,5.27876403846,0.684085324518,5.67538383987,-0.0578956372778,-0.114944861644,0.0,483.5479272150568,483.76287678023084,483.2963073674635,484.0158734137867
4.319999999999996,5.38632896213,3.26491291079,27.1343145115,6.18405068675,5.9016675735,0.0,5.4671280227,0.633062315379,5.59200809946,-0.061474044205,-0.139744362085,0.0,438.7117276069059,436.63304692785084,437.9665839643396,437.66626999182034
4.379999999999995,5.72127464454,3.30102931705,27.4702592483,6.18017122241,5.89334208936,0.0,5.69801043587,0.570595480409,5.60516748502,-0.0719334333509,-0.136857144107,0.0,469.88833193774616,470.09544761914475,471.9350829755724,471.1240169347711
4.439999999999993,6.06835725231,3.33379364634,27.8025294365,6.17602751594,5.88570076551,0.0,5.87183570413,0.521276480385,5.47053461004,-0.0638639276703,-0.113079973829,0.0,420.70494884357913,422.7431355268798,422.6243280406966,423.315597241312
4.499999999999992,6.42503667,3.36377844856,28.1245807869,6.17216497387,5.87881037723,0.0,6.01792802869,0.47795674442,5.26504974106,-0.0654188933646,-0.118610938409,0.0,395.2605839655936,394.73674212481126,396.31904999970664,396.1724661655517
4.559999999999991,6.79195924364,3.39075141873,28.4376170958,6.16860627124,5.87129013242,0.0,6.21310041255,0.420915284428,5.16924543731,-0.0492741985878,-0.144251008521,0.0,435.65587244826764,433.4908424469693,434.8408432120009,436.1889416595058
4.6199999999999894,7.17270808993,3.41372409749,28.7494976958,6.16561182286,5.86221234609,0.0,6.47866548652,0.344737914394,5.22536317615,-0.0512046338736,-0.171594955451,0.0,487.31396860540497,485.2451242329559,487.2045243819261,487.0588122455031
4.679999999999988,7.56771398105,3.4325553147,29.0606715674,6.16316611179,5.85214505383,0.0,6.68860991167,0.282853511936,5.14651203397,-0.0254211126254,-0.161102045728,0.0,444.02193897871155,444.85515806450246,444.39318458590185,446.5012307584825
4.739999999999987,7.97640925829,3.44739425453,29.3691779783,6.16134242918,5.84258735198,0.0,6.93479108409,0.211787555052,5.13595621507,-0.0428798719014,-0.15591021094,0.0,469.0642869879168,469.44478335457774,470.6104138251724,469.2564281044922
4.799999999999986,8.39868326895,3.45828252359,29.6742485581,6.15840486014,5.83342228073,0.0,7.14133047874,0.151028417869,5.03263885881,-0.0653035857325,-0.147089056141,0.0,439.6581097032109,440.366272129438,441.0329174705298,439.1746898755259
4.859999999999984,8.83541731056,3.46497433519,29.9771423706,6.154415806,5.82430031151,0.0,7.41648168149,0.0718623598002,5.06238892607,-0.0689554716587,-0.164404231554,0.0,487.6195116927828,486.30409271358013,485.8740421338358,485.5972215042093
4.919999999999983,9.28684446919,3.46735614624,30.2778851665,6.15038839202,5.8141617868,0.0,7.63139627393,0.00732177686521,4.96180156164,-0.063692363518,-0.180175670057,0.0,445.85211944216707,444.53369472995604,445.244424478753,445.6715814010747
4.979999999999982,9.7517222002,3.46569724338,30.5734280648,6.14626129136,5.80313616137,0.0,7.86480982277,-0.0627905721024,4.88874287949,-0.0816518849516,-0.192103174505,0.0,456.6540304646822,455.6693390846164,457.57935009888195,456.14336965730547
5.0399999999999805,10.2301267265,3.45993250822,30.8633891543,6.14110403347,5.79195125028,0.0,8.08235742056,-0.129622230631,4.7759702085,-0.0963536691086,-0.176964845642,0.0,443.6850129660083,444.8925959268471,445.3985560957231,444.18794279074507
